p4 <-
structure(list(merge_id = c("Track_2017_06_20_085110_Kasalni",
"Track_2017_06_20_091218_Kasalni", "Track_2017_06_20_092909_Kasalni",
"Track_2017_06_21_131807_Kasalni"), area_ha = c(0.797620439386269,
0.838140019184351, 0.781586862285249, 1.68067771665465), geometry = structure(list(
    structure(list(structure(c(-0.0624954359999492, -0.0625085459999468,
    -0.0624979849999363, -0.0623760279999601, -0.0623389799999359,
    -0.0621942239999385, -0.062039494999965, -0.061877974999959,
    -0.0613941719999502, -0.0614158809999594, -0.0614510009999662,
    -0.061473547999924, -0.0614603049999687, -0.0614829359999476,
    -0.0615701079999553, -0.0616773129999615, -0.0617857739999295,
    -0.0624954359999492, 9.32247365100005, 9.32248774000004,
    9.32262361000005, 9.32306827000002, 9.32307095300007, 9.32302862400007,
    9.32295980900005, 9.32291689300007, 9.32271279400004, 9.32264121200006,
    9.32264406200005, 9.32256988200004, 9.32251799800002, 9.32240341800002,
    9.32209747800005, 9.32211080600007, 9.32218582400003, 9.32247365100005
    ), .Dim = c(18L, 2L))), class = c("XY", "POLYGON", "sfg")),
    structure(list(structure(c(-0.0629557389999604, -0.0631900779999341,
    -0.0634486599999491, -0.0637382549999757, -0.0637192279999681,
    -0.063558043999933, -0.0634177309999586, -0.0633759049999298,
    -0.0627044309999292, -0.0627084539999601, -0.062793949999957,
    -0.0629376989999741, -0.0629557389999604, 9.32127257900004,
    9.32130941200006, 9.32140504900002, 9.32154620100005, 9.32177284700003,
    9.32200896500007, 9.32225841100006, 9.32230400800006, 9.32204743900007,
    9.32200066700005, 9.32182464800007, 9.32128770300005, 9.32127257900004
    ), .Dim = c(13L, 2L))), class = c("XY", "POLYGON", "sfg")),
    structure(list(structure(c(-0.0633617719999506, -0.0631600709999702,
    -0.0630405449999785, -0.0627354439999408, -0.0626364539999713,
    -0.0624324379999735, -0.0623865889999706, -0.0624974819999693,
    -0.0624967269999388, -0.0626218689999405, -0.0626808779999806,
    -0.0629694669999594, -0.0633344149999289, -0.0633617719999506,
    9.32231722100005, 9.32267759000007, 9.32272017000003, 9.32319039500004,
    9.32319391500005, 9.32311386800006, 9.32307430500003, 9.32252780500005,
    9.32240123900004, 9.32209244900002, 9.32204769000003, 9.32214089700005,
    9.32228783100004, 9.32231722100005), .Dim = c(14L, 2L))), class = c("XY",
    "POLYGON", "sfg")), structure(list(structure(c(-0.0638050129999783,
    -0.0638119319999646, -0.0637033019999649, -0.063339191999944,
    -0.0632234379999659, -0.0631612449999466, -0.0630215179999709,
    -0.0627919379999753, -0.0627187639999534, -0.0626669639999591,
    -0.0625816359999476, -0.0623968149999428, -0.0623969829999282,
    -0.0625013369999579, -0.0625241359999791, -0.062785986999927,
    -0.0628672079999433, -0.0629427279999391, -0.0629627609999375,
    -0.0631426369999417, -0.0635947569999757, -0.0637762249999696,
    -0.0638050129999783, 9.32163249200005, 9.32165248300004,
    9.32184090800007, 9.32239579000003, 9.32259980600003, 9.32269167200008,
    9.32273752100002, 9.32314412700003, 9.32320875100004, 9.32320808100008,
    9.32318913700004, 9.32310003800006, 9.32293994300005, 9.32269234200004,
    9.32239755100005, 9.32182942500003, 9.32145693300004, 9.32126155100002,
    9.32125149300003, 9.32127261500005, 9.32144528200007, 9.32158651800006,
    9.32163249200005), .Dim = c(23L, 2L))), class = c("XY", "POLYGON",
    "sfg"))), class = c("sfc_POLYGON", "sfc"), precision = 0, bbox = structure(c(-0.0638119319999646,
9.32125149300003, -0.0613941719999502, 9.32320875100004), .Names = c("xmin",
"ymin", "xmax", "ymax"), class = "bbox"), crs = structure(list(
    epsg = 4326L, proj4string = "+proj=longlat +datum=WGS84 +no_defs"), .Names = c("epsg",
"proj4string"), class = "crs"), n_empty = 0L)), .Names = c("merge_id",
"area_ha", "geometry"), row.names = c(NA, -4L), class = c("sf",
"tbl_df", "tbl", "data.frame"), sf_column = "geometry", agr = structure(c(NA_integer_,
NA_integer_), .Names = c("merge_id", "area_ha"), .Label = c("constant",
"aggregate", "identity"), class = "factor"))

library(tidyverse)
library(sf)
st_intersection(p4)
